22
23
23
23
23
23
23
23
23
23
23
23
23
23
23
23
23
23
23
23
23
23
23
23
23
30
30
30
30
30
30
30
30
30
30
30
30
30
30
30
30
30
30
30
30
30
30
23
23
30
33
30
30
30
33
30
37
30
30
50
50
50
50
50
50
50
50
50
30
30
30
23
23
30
33
33
33
33
33
30
37
30
30
50
50
50
50
50
50
50
50
50
30
30
30
23
23
30
33
30
30
30
30
30
38
30
30
50
50
50
50
50
50
50
50
50
30
30
30
23
23
30
30
30
30
30
30
30
38
30
30
50
50
50
50
50
50
50
50
50
30
30
30
23
23
30
33
33
33
33
33
30
39
30
30
50
50
50
50
50
50
50
50
50
30
30
30
23
23
30
33
30
30
30
33
30
39
30
30
50
50
18
18
50
50
50
18
50
30
30
30
23
23
30
33
33
33
33
33
30
40
30
30
50
18
50
50
18
50
50
18
50
30
30
30
23
23
30
30
30
30
30
30
30
40
30
30
18
18
18
18
18
18
18
18
18
29
29
30
23
23
30
33
33
33
33
33
30
41
30
30
50
18
50
50
18
50
50
18
50
30
30
30
23
23
30
30
30
33
30
30
30
41
30
30
18
18
18
18
18
18
18
18
18
29
29
30
23
23
30
33
33
30
33
33
30
40
30
30
50
18
50
50
18
50
50
18
50
30
30
30
23
23
30
30
30
30
30
30
30
40
30
30
50
18
50
50
50
18
18
50
50
30
30
30
23
23
30
33
33
33
33
33
30
39
30
30
50
50
50
50
50
50
50
50
50
30
30
30
23
23
30
33
30
33
30
33
30
38
30
30
50
50
50
50
50
50
50
50
50
30
30
30
23
23
30
30
30
30
30
30
30
38
30
30
50
50
50
50
50
50
50
50
50
30
30
30
23
23
30
33
33
33
33
33
30
38
30
30
50
50
50
50
50
50
50
50
50
30
30
30
23
23
30
33
30
33
30
30
30
37
30
30
50
50
50
50
50
50
50
50
50
30
30
30
23
23
30
33
33
30
33
33
30
37
30
30
50
50
50
50
50
50
50
50
50
30
30
30
23
23
30
30
30
30
30
30
30
30
30
30
30
30
30
30
30
30
30
30
30
30
30
30
23
23
23
23
23
23
23
23
23
23
23
23
23
23
23
23
23
23
23
23
23
23
23
23
23
