112
112
112
112
112
112
112
112
112
112
112
112
112
112
112
112
112
112
112
112
112
112
112
112
112
23
24
24
25
25
26
26
27
27
28
27
26
25
24
23
22
21
20
19
18
18
18
112
112
24
24
25
25
26
26
27
27
28
27
26
25
24
23
22
21
20
19
18
18
18
19
112
112
24
25
25
26
26
27
27
28
27
26
25
24
23
22
21
20
19
18
18
18
19
20
112
112
25
25
26
26
27
27
28
27
26
25
24
23
22
21
20
19
18
18
18
19
20
21
112
112
25
26
26
27
27
28
27
26
25
24
23
22
21
20
19
18
18
18
19
20
21
22
112
112
26
26
27
27
28
27
26
25
24
23
22
21
20
19
18
18
18
19
20
21
22
23
112
112
26
27
27
28
27
26
25
24
23
22
21
20
19
18
18
18
19
20
21
22
23
24
112
112
27
27
28
27
26
25
24
23
22
21
20
19
18
18
18
19
20
21
22
23
24
25
112
112
27
28
27
26
25
24
23
22
21
20
19
18
18
18
19
20
21
22
23
24
25
26
112
112
28
27
26
25
24
23
22
21
20
19
18
18
18
19
20
21
22
23
24
25
26
27
112
112
27
26
25
24
23
22
21
20
19
18
18
18
19
20
21
22
23
24
25
26
27
28
112
112
26
25
24
23
22
21
20
19
18
18
18
19
20
21
22
23
24
25
26
27
28
27
112
112
25
24
23
22
21
20
19
18
18
18
19
20
21
22
23
24
25
26
27
28
27
26
112
112
24
23
22
21
20
19
18
18
18
19
20
21
22
23
24
25
26
27
28
27
26
26
112
112
23
22
21
20
19
18
18
18
19
20
21
22
23
24
25
26
27
28
27
26
26
26
112
112
22
21
20
19
18
18
18
19
20
21
22
23
24
25
26
27
28
27
26
26
26
25
112
112
21
20
19
18
18
18
19
20
21
22
23
24
25
26
27
28
27
26
26
26
25
25
112
112
20
19
18
18
18
19
20
21
22
23
24
25
26
27
28
27
26
26
26
25
25
24
112
112
19
18
18
18
19
20
21
22
23
24
25
26
27
28
27
26
26
26
25
25
24
24
112
112
18
18
18
19
20
21
22
23
24
25
26
27
28
27
26
26
26
25
25
24
24
23
112
112
112
112
112
112
112
112
112
112
112
112
112
112
112
112
112
112
112
112
112
112
112
112
112
